854
99
463
150
709
635
425
109
866
64
647
431
443
29
89
980
44
492
16
447
623
58
354
318
971
184
991
52
919
503
141
4
617
655
336
31
500
659
868
10
678
445
290
224
289
271
427
281
125
545
195
595
602
103
399
304
461
349
705
569
341
491
996
517
942
21
784
640
382
177
433
397
959
255
934
286
376
801
14
144
166
772
417
407
722
777
860
752
46
204
646
172
661
348
268
834
702
999
8
279
77
265
2
155
465
989
319
803
666
979
223
77
358
373
424
749
268
818
452
974
716
153
186
486
198
299
5
375
670
689
721
135
199
891
602
560
897
195
901
542
927
804
844
566
225
961
629
254
931
942
884
485
662
594
273
421
479
449
516
536
579
758
26
26
556
875
488
842
873
165
445
519
406
309
615
312
853
660
603
226
894
125
697
911
498
343
40
292
922
571
324
462
536
265
895
541
170
390
303
940
562
759
101
90
820
867
313
731
826
71
198
312
800
713
333
936
968
791
457
214
422
810
264
442
649
358
778
360
523
830
380
168
691
882
691
263
533
943
882
520
529
945
965
106
214
655
867
885
557
156
90
809
167
609
154
577
920
521
847
669
32
58
194
788
68
807
367
298
763
618
384
595
239
975
454
883
460
27
601
851
382
479
309
475
29
688
551
251
969
712
308
983
759
621
312
117
270
229
42
259
558
392
460
570
583
231
783
517
873
637
687
284
917
615
724
358
844
986
500
260
443
450
747
664
738
356
636
741
143
837
969
650
960
457
724
191
516
606
418
599
525
878
231
644
147
28
752
838
814
700
941
733
991
212
161
829
861
253
575
286
522
295
385
289
62
930
785
211
714
411
946
656
386
373
642
846
123
623
727
686
514
869
990
826
111
294
131
795
301
629
401
491
867
329
753
808
992
22
380
460
750
980
857
697
370
247
492
96
726
178
893
207
615
310
590
811
517
494
509
220
63
676
6
523
921
217
753
313
943
54
209
780
593
772
191
432
64
994
57
406
726
945
134
682
685
233
931
50
802
662
512
341
44
499
49
938
819
264
944
234
133
911
897
824
160
192
481
534
667
317
856
61
876
892
368
38
278
598
948
997
213
345
329
896
120
737
857
357
469
737
179
89
213
906
436
484
330
212
550
837
794
284
29
351
921
412
533
52
83
958
675
871
259
458
773
256
972
864
269
17
661
18
37
627
386
261
280
592
757
55
337
692
238
146
513
749
625
571
979
423
852
919
836
730
475
554
477
756
882
963
512
375
970
729
188
252
111
195
537
373
58
565
910
902
819
834
161
38
797
823
928
82
82
429
565
750
849
324
363
24
572
744
494
192
521
778
589
587
86
833
506
400
917
309
75
402
621
457
598
939
847
971
137
49
106
546
84
473
592
642
874
580
874
978
552
756
547
999
150
810
503
736
152
274
968
355
353
698
738
571
294
872
405
704
679
234
530
554
660
257
611
988
130
36
502
703
674
916
170
122
536
334
940
775
641
200
574
559
189
13
198
772
651
771
186
790
130
989
197
569
499
603
863
116
739
937
107
222
626
201
886
651
559
64
201
267
780
578
950
860
662
620
93
390
316
172
894
953
70
316
18
215
495
609
780
215
800
532
968
293
575
416
326
79
600
719
679
152
212
225
710
453
51
192
615
884
538
176
911
622
173
54
350
854
640
865
306
127
645
766
447
408
783
369
254
297
291
119
661
283
919
159
44
707
857
88
47
70
786
669
2
15
564
978
166
864
292
347
715
343
439
846
501
339
30
88
946
509
218
904
170
110
296
91
993
540
993
10
677
681
853
728
475
496
729
314
973
531
543
593
291
241
381
20
194
989
969
646
97
75
240
69
640
48
257
14
908
83
245
420
907
9
834
976
322
301
782
333
371
407
145
671
914
166
370
943
444
451
345
625
510
332
300
202
673
140
20
997
461
873
805
94
857
356
742
549
695
219
143
496
922
934
866
951
240
807
578
242
273
311
831
522
433
7
788
78
546
104
74
867
872
419
88
216
55
648
584
960
313
535
244
845
163
598
762
553
659
711
948
505
985
8
472
286
287
72
40
51
887
648
841
708
701
961
408
732
924
866
527
145
434
893
437
143
153
388
607
908
437
697
6
605
3
914
877
514
304
290
899
896
519
766
684
637
289
656
511
811
459
634
450
369
863
899
338
413
634
596
173
641
999
358
187
547
703
927
386
918
748
284
983
85
614
397
325
782
435
197
214
664
22
751
543
340
733
45
31
730
862
294
752
965
122
223
176
887
296
718
793
886
854
395
825
678
684
251
345
184
555
751
927
160
554
144
471
291
753
243
704
157
236
527
194
393
499
348
377
19
308
290
590
889
929
982
114
765
980
81
151
637
764
821
10
960
995
806
16
114
909
633
585
721
645
605
197
473
617
722
344
148
589
105
720
890
566
753
799
798
226
395
776
876
110
706
651
788
404
689
889
308
587
401
410
418
180
528
389
992
698
327
251
111
828
125
799
995
452
430
531
463
602
860
30
11
593
550
348
888
619
468
152
757
903
959
701
422
880
265
688
128
117
75
94
334
892
186
620
731
281
338
612
412
693
470
791
19
670
652
610
579
310
12
341
807
154
754
678
824
292
957
797
437
904
720
965
711
389
428
583
137
535
131
710
861
597
667
576
464
550
924
357
550
616
844
839
151
659
213
477
801
51
44
885
326
163
299
613
485
635
587
630
400
359
428
167
110
228
83
67
962
356
361
80
763
24
73
15
352
644
275
48
759
645
295
231
467
13
773
747
932
368
585
577
594
11
146
176
841
260
506
585
176
52
758
890
883
515
323
315
744
474
287
26
308
500
832
313
524
163
159
28
167
984
945
887
215
417
74
733
653
725
588
108
947
506
679
787
183
363
162
814
257
581
493
79
296
967
298
704
587
181
472
506
230
501
822
478
547
429
322
422
908
812
108
922
871
1
17
734
702
276
3
452
68
746
832
598
35
476
432
672
779
210
923
219
209
98
553
271
138
628
972
34
952
70
181
297
920
376
369
86
185
590
764
539
596
885
153
627
611
519
153
48
320
362
749
198
275
504
91
33
949
218
343
654
734
559
253
714
267
296
967
679
31
510
786
106
998
807
950
651
33
532
695
293
868
352
705
283
165
657
916
977
73
666
683
356
430
941
66
254
465
928
481
403
898
985
71
67
212
920
393
440
244
850
363
53
383
853
235
489
930
676
391
483
125
433
957
694
614
247
498
432
955
340
347
964
221
162
140
871
606
450
480
817
993
582
211
142
279
105
273
457
654
904
129
908
973
288
995
108
560
59
247
911
230
710
236
569
288
482
843
448
169
170
697
789
813
87
53
213
150
27
588
138
329
269
85
409
619
388
21
998
92
181
652
413
949
496
983
250
797
768
142
242
387
101
800
307
794
709
293
925
385
264
32
7
774
510
511
839
738
604
981
388
169
185
321
886
738
487
811
849
274
240
484
647
98
216
869
580
636
692
56
866
508
444
574
127
74
207
298
46
183
205
201
910
147
847
13
600
681
785
619
885
635
766
403
136
118
546
228
160
249
108
379
976
760
893
616
695
117
47
539
591
802
25
199
259
567
924
365
966
944
695
158
54
5
67
219
456
181
421
632
870
674
404
925
11
881
819
211
892
26
871
850
68
372
432
544
694
116
691
148
149
830
671
870
96
193
833
544
912
365
735
416
838
664
204
692
809
804
9
135
578
977
556
633
609
739
115
294
354
28
548
567
571
583
821
439
357
923
315
249
687
789
349
778
784
823
376
367
124
957
226
20
748
196
157
335
221
974
872
666
416
346
776
427
504
680
387
103
76
772
228
496
913
647
468
575
979
777
40
597
943
950
770
95
78
562
276
115
262
330
980
328
783
224
131
414
526
858
327
366
316
133
862
223
109
374
57
136
473
441
884
331
222
378
826
913
842
552
193
793
134
954
29
8
816
880
43
622
922
414
734
597
196
685
896
393
502
935
205
816
760
38
32
325
290
138
709
320
339
660
670
716
287
833
986
200
658
515
469
938
946
210
736
285
563
624
869
848
803
276
163
183
736
351
438
624
673
350
718
933
471
436
982
843
300
225
589
415
713
915
613
694
342
706
541
522
151
76
16
538
243
449
124
517
331
112
599
98
855
900
255
466
391
322
486
141
806
861
238
355
438
509
189
910
455
22
167
854
361
933
242
56
407
745
132
983
622
769
643
633
377
352
172
717
862
14
250
916
812
855
926
413
485
597
206
479
391
962
873
953
754
485
805
426
411
411
351
729
767
717
696
289
415
737
671
208
486
282
138
848
424
399
187
488
728
778
87
546
859
423
371
774
944
274
865
987
644
505
793
464
713
841
25
855
364
835
817
894
770
808
119
232
337
199
269
379
35
221
102
568
515
262
689
831
288
881
582
755
725
968
357
45
164
382
960
237
805
939
155
76
483
639
701
761
324
66
344
480
700
675
112
266
735
307
310
950
493
115
202
802
707
456
300
171
24
806
409
65
395
771
724
73
560
72
954
839
180
631
117
555
745
946
180
937
394
251
497
118
610
747
727
809
698
441
627
155
961
507
901
815
416
367
602
245
712
263
248
686
431
745
568
650
447
618
227
41
402
497
881
201
490
822
530
179
431
516
83
658
227
524
160
730
235
576
364
305
12
769
938
487
694
306
562
446
210
352
514
785
777
939
553
323
745
586
684
191
625
131
808
767
49
976
561
942
668
518
522
233
467
540
891
503
526
116
121
478
177
930
474
42
247
135
912
315
953
398
672
830
906
813
650
675
693
818
466
246
269
648
234
25
340
838
510
51
60
375
628
825
557
378
208
899
123
795
396
926
419
949
333
918
919
137
37
541
321
915
654
768
657
732
703
494
557
62
500
278
337
937
217
101
982
237
39
740
608
27
542
828
525
478
99
579
35
417
603
748
888
913
254
172
434
174
283
705
261
626
208
379
462
817
45
272
462
530
226
902
569
467
203
91
84
984
501
970
151
405
97
303
463
194
113
755
721
399
518
132
985
937
689
431
783
816
638
62
69
761
836
244
405
495
755
124
252
870
580
673
480
408
682
220
323
883
400
621
43
128
459
18
777
211
557
658
397
332
954
481
610
622
323
524
253
295
715
964
578
644
776
860
39
556
544
448
918
400
347
278
159
90
764
98
190
525
728
455
5
28
398
667
36
996
328
975
435
398
482
475
418
272
954
303
43
54
544
147
372
905
660
843
250
856
856
987
120
581
241
956
503
185
373
628
265
0
453
476
848
645
32
123
0
900
107
933
324
439
812
171
82
421
684
970
354
620
996
824
959
314
606
746
982
737
601
806
422
722
729
393
901
791
61
178
102
792
9
788
149
533
66
776
549
900
518
942
156
62
0
732
608
222
513
505
588
973
799
586
387
804
774
388
790
963
575
561
972
715
611
859
383
584
796
605
239
586
714
63
566
741
665
958
599
144
612
605
268
13
835
880
761
25
995
73
850
342
719
193
502
113
105
574
708
256
81
275
504
520
917
239
186
782
537
547
596
668
258
513
216
45
455
718
200
623
42
921
53
317
224
565
166
628
507
652
389
903
488
779
80
394
46
693
609
784
420
512
978
584
643
270
493
412
703
890
743
889
787
89
423
951
440
664
156
365
999
339
554
250
175
844
613
461
378
635
65
118
603
909
174
302
91
222
184
923
347
332
914
991
676
141
390
577
931
329
232
253
892
50
279
568
446
105
955
49
209
206
799
468
262
87
365
879
671
558
941
319
563
353
895
246
78
402
189
548
491
879
625
374
154
678
891
36
612
415
487
43
840
451
900
22
350
174
614
845
849
958
418
318
617
285
700
353
133
64
581
139
680
238
792
421
241
864
992
893
119
271
197
591
110
185
164
545
909
300
829
568
551
742
302
559
955
981
656
107
865
279
372
758
129
736
803
321
687
934
623
264
720
577
112
601
271
60
366
303
492
633
818
877
672
72
149
974
24
828
674
376
763
270
164
230
355
887
415
335
727
207
699
104
103
878
629
497
148
148
298
449
533
912
15
187
595
410
306
491
845
205
218
987
877
762
614
508
490
608
743
281
327
161
202
858
383
334
769
336
591
109
748
634
981
280
585
969
852
121
650
933
962
863
820
268
86
768
232
829
565
906
850
936
209
971
770
930
539
454
545
4
868
130
414
302
227
434
317
104
504
594
966
572
127
907
78
318
701
229
532
417
775
984
364
252
272
825
199
548
465
122
739
502
202
932
188
266
631
48
474
545
604
37
398
371
821
608
255
818
765
948
330
490
380
743
205
314
877
426
967
683
891
420
1
46
985
56
849
621
904
521
692
104
465
639
680
735
70
430
478
336
940
93
315
260
779
743
490
362
258
484
905
2
564
142
99
742
219
158
720
59
646
926
113
931
410
756
384
599
99
441
23
902
77
579
275
699
238
12
606
489
137
6
425
9
414
699
342
780
540
977
241
773
425
876
454
690
826
688
338
683
536
875
375
498
246
196
384
693
297
328
762
139
796
480
92
169
945
325
266
52
440
846
305
30
146
869
384
754
188
429
274
617
220
540
649
499
988
910
81
925
427
283
102
841
114
408
815
872
35
961
956
208
507
766
636
646
672
794
385
349
190
878
30
708
803
446
177
276
359
42
711
36
217
86
184
573
805
829
508
394
342
3
561
60
685
101
586
659
272
962
285
865
100
627
469
809
135
551
126
455
119
127
84
917
596
248
366
649
653
624
471
288
682
459
974
433
509
775
233
97
882
525
827
318
304
519
742
641
814
311
259
859
346
84
59
394
60
56
359
620
567
39
489
534
797
516
920
619
706
542
681
40
848
245
987
935
474
998
542
592
351
291
993
196
988
242
426
929
707
71
881
299
686
348
732
217
362
334
924
336
360
395
827
584
255
953
401
530
677
674
333
823
688
383
321
816
963
798
751
95
731
285
750
808
798
482
938
316
470
552
23
563
57
159
406
639
690
464
458
107
155
79
863
310
992
403
804
39
648
730
875
456
441
229
796
96
361
626
706
716
430
154
721
963
580
941
165
632
392
97
616
175
392
817
143
494
158
631
453
656
842
520
256
632
328
468
827
225
815
467
740
361
667
287
870
360
600
923
470
681
572
802
69
165
332
429
82
949
85
918
638
34
423
618
535
33
23
792
402
726
306
150
267
95
14
607
168
964
322
567
319
245
123
173
85
997
443
231
956
531
600
643
835
182
903
237
237
853
665
812
761
843
989
604
662
330
179
518
195
100
707
262
948
762
757
193
800
994
286
782
909
331
913
537
140
959
146
874
690
820
277
534
842
419
444
114
453
190
927
434
813
232
203
724
158
723
280
7
403
216
266
758
164
182
392
831
168
477
765
94
744
970
718
834
795
381
670
859
5
454
21
952
988
17
741
427
973
984
142
677
156
464
188
206
903
311
87
994
898
630
331
207
828
642
823
90
204
714
717
244
452
511
531
851
905
699
890
341
604
183
655
572
858
916
632
235
339
168
929
106
292
482
996
760
41
590
833
378
616
710
385
731
171
239
234
940
483
716
284
367
663
157
997
65
246
435
263
497
469
801
390
570
601
515
248
34
744
102
350
723
976
31
420
740
588
175
15
640
314
302
57
607
965
912
377
947
374
366
837
986
55
215
820
436
532
879
16
428
564
696
819
669
132
63
864
505
68
975
371
282
785
831
520
774
861
442
162
898
668
444
132
471
495
121
12
990
630
179
884
162
901
335
484
966
836
267
526
979
789
690
513
76
200
792
447
876
759
570
534
548
682
514
92
555
174
437
368
793
990
293
419
728
445
326
764
947
173
270
868
526
41
282
248
363
541
139
653
307
122
136
752
886
61
37
282
929
915
832
407
456
281
811
719
967
450
126
470
1
840
771
528
668
38
733
956
784
214
161
895
508
203
111
847
696
888
855
67
396
977
543
129
301
210
529
770
446
380
524
387
463
663
18
382
722
538
883
128
951
354
312
175
326
966
79
377
771
830
445
845
539
487
566
657
957
55
472
121
781
583
952
192
661
889
719
389
10
740
561
637
257
591
932
595
846
552
349
11
355
528
696
878
618
325
311
320
521
448
319
523
335
476
346
472
921
897
438
80
236
709
636
700
72
906
779
261
187
624
424
53
781
396
112
145
252
152
610
543
109
822
240
756
822
825
746
925
879
702
180
249
278
702
726
61
498
698
124
856
926
592
17
223
895
750
243
409
344
641
971
932
894
686
529
460
362
874
611
958
827
353
936
47
136
277
171
182
639
409
370
978
612
218
751
440
935
638
258
19
858
227
787
77
177
897
391
649
727
775
564
94
558
235
666
459
443
898
549
658
461
69
370
512
145
507
836
206
401
34
638
551
813
297
790
964
851
562
665
47
345
631
555
466
899
263
643
126
6
120
535
511
712
65
8
839
113
493
907
888
273
746
630
972
359
655
481
374
381
832
134
607
821
93
582
439
757
379
435
840
317
100
340
425
654
570
260
723
717
786
466
713
301
723
364
796
59
573
553
191
75
489
704
386
529
411
0
280
589
767
133
147
343
178
560
3
406
840
613
835
914
88
128
986
657
229
412
944
1
939
277
63
372
862
747
27
120
50
749
549
691
50
126
527
492
581
998
795
715
573
360
810
781
907
574
157
448
305
981
230
320
685
438
947
93
344
537
634
652
725
477
741
815
801
479
228
798
369
880
149
129
2
791
58
442
381
501
735
304
74
773
169
476
258
204
573
915
896
309
528
669
221
483
95
902
725
852
934
626
851
734
677
563
19
224
789
189
23
558
814
767
991
140
458
134
327
243
928
116
754
41
527
755
4
20
712
458
7
139
399
71
760
665
305
936
404
786
790
405
462
451
21
424
582
653
404
428
130
92
299
781
928
486
683
852
89
96
488
33
81
261
837
410
647
576
256
663
663
449
955
680
673
451
233
277
768
338
794
473
190
556
337
594
642
80
687
141
975
787
100
220
249
346
4
178
705
397
426
676
593
708
182
875
905
810
295
436
739
368
413
675
629
523
118
442
990
765
495
824
763
711
307
952
115
838
396
935
144
103
576
538
66
994
236
951
769
203
854
99
463
150
709
635
425
109
866
64
647
431
443
29
89
980
44
492
16
447
623
58
354
318
971
184
991
52
919
503
141
4
617
655
336
31
500
659
868
10
678
445
290
224
289
271
427
281
125
545
195
595
602
103
399
304
461
349
705
569
341
491
996
517
942
21
784
640
382
177
433
397
959
255
934
286
376
801
14
144
166
772
417
407
722
777
860
752
46
204
646
172
661
348
268
834
702
999
8
279
77
265
2
155
465
989
319
803
666
979
223
77
358
373
424
749
268
818
452
974
716
153
186
486
198
299
5
375
670
689
721
135
199
891
602
560
897
195
901
542
927
804
844
566
225
961
629
254
931
942
884
485
662
594
273
421
479
449
516
536
579
758
26
26
556
875
488
842
873
165
445
519
406
309
615
312
853
660
603
226
894
125
697
911
498
343
40
292
922
571
324
462
536
265
895
541
170
390
303
940
562
759
101
90
820
867
313
731
826
71
198
312
800
713
333
936
968
791
457
214
422
810
264
442
649
358
778
360
523
830
380
168
691
882
691
263
533
943
882
520
529
945
965
106
214
655
867
885
557
156
90
809
167
609
154
577
920
521
847
669
32
58
194
788
68
807
367
298
763
618
384
595
239
975
454
883
460
27
601
851
382
479
309
475
29
688
551
251
969
712
308
983
759
621
312
117
270
229
42
259
558
392
460
570
583
231
783
517
873
637
687
284
917
615
724
358
844
986
500
260
443
450
747
664
738
356
636
741
143
837
969
650
960
457
724
191
516
606
418
599
525
878
231
644
147
28
752
838
814
700
941
733
991
212
161
829
861
253
575
286
522
295
385
289
62
930
785
211
714
411
946
656
386
373
642
846
123
623
727
686
514
869
990
826
111
294
131
795
301
629
401
491
867
329
753
808
992
22
380
460
750
980
857
697
370
247
492
96
726
178
893
207
615
310
590
811
517
494
509
220
63
676
6
523
921
217
753
313
943
54
209
780
593
772
191
432
64
994
57
406
726
945
134
682
685
233
931
50
802
662
512
341
44
499
49
938
819
264
944
234
133
911
897
824
160
192
481
534
667
317
856
61
876
892
368
38
278
598
948
997
213
345
329
896
120
737
857
357
469
737
179
89
213
906
436
484
330
212
550
837
794
284
29
351
921
412
533
52
83
958
675
871
259
458
773
256
972
864
269
17
661
18
37
627
386
261
280
592
757
55
337
692
238
146
513
749
625
571
979
423
852
919
836
730
475
554
477
756
882
963
512
375
970
729
188
252
111
195
537
373
58
565
910
902
819
834
161
38
797
823
928
82
82
429
565
750
849
324
363
24
572
744
494
192
521
778
589
587
86
833
506
400
917
309
75
402
621
457
598
939
847
971
137
49
106
546
84
473
592
642
874
580
874
978
552
756
547
999
150
810
503
736
152
274
968
355
353
698
738
571
294
872
405
704
679
234
530
554
660
257
611
988
130
36
502
703
674
916
170
122
536
334
940
775
641
200
574
559
189
13
198
772
651
771
186
790
130
989
197
569
499
603
863
116
739
937
107
222
626
201
886
651
559
64
201
267
780
578
950
860
662
620
93
390
316
172
894
953
70
316
18
215
495
609
780
215
800
532
968
293
575
416
326
79
600
719
679
152
212
225
710
453
51
192
615
884
538
176
911
622
173
54
350
854
640
865
306
127
645
766
447
408
783
369
254
297
291
119
661
283
919
159
44
707
857
88
47
70
786
669
2
15
564
978
166
864
292
347
715
343
439
846
501
339
30
88
946
509
218
904
170
110
296
91
993
540
993
10
677
681
853
728
475
496
729
314
973
531
543
593
291
241
381
20
194
989
969
646
97
75
240
69
640
48
257
14
908
83
245
420
907
9
834
976
322
301
782
333
371
407
145
671
914
166
370
943
444
451
345
625
510
332
300
202
673
140
20
997
461
873
805
94
857
356
742
549
695
219
143
496
922
934
866
951
240
807
578
242
273
311
831
522
433
7
788
78
546
104
74
867
872
419
88
216
55
648
584
960
313
535
244
845
163
598
762
553
659
711
948
505
985
8
472
286
287
72
40
51
887
648
841
708
701
961
408
732
924
866
527
145
434
893
437
143
153
388
607
908
437
697
6
605
3
914
877
514
304
290
899
896
519
766
684
637
289
656
511
811
459
634
450
369
863
899
338
413
634
596
173
641
999
358
187
547
703
927
386
918
748
284
983
85
614
397
325
782
435
197
214
664
22
751
543
340
733
45
31
730
862
294
752
965
122
223
176
887
296
718
793
886
854
395
825
678
684
251
345
184
555
751
927
160
554
144
471
291
753
243
704
157
236
527
194
393
499
348
377
19
308
290
590
889
929
982
114
765
980
81
151
637
764
821
10
960
995
806
16
114
909
633
585
721
645
605
197
473
617
722
344
148
589
105
720
890
566
753
799
798
226
395
776
876
110
706
651
788
404
689
889
308
587
401
410
418
180
528
389
992
698
327
251
111
828
125
799
995
452
430
531
463
602
860
30
11
593
550
348
888
619
468
152
757
903
959
701
422
880
265
688
128
117
75
94
334
892
186
620
731
281
338
612
412
693
470
791
19
670
652
610
579
310
12
341
807
154
754
678
824
292
957
797
437
904
720
965
711
389
428
583
137
535
131
710
861
597
667
576
464
550
924
357
550
616
844
839
151
659
213
477
801
51
44
885
326
163
299
613
485
635
587
630
400
359
428
167
110
228
83
67
962
356
361
80
763
24
73
15
352
644
275
48
759
645
295
231
467
13
773
747
932
368
585
577
594
11
146
176
841
260
506
585
176
52
758
890
883
515
323
315
744
474
287
26
308
500
832
313
524
163
159
28
167
984
945
887
215
417
74
733
653
725
588
108
947
506
679
787
183
363
162
814
257
581
493
79
296
967
298
704
587
181
472
506
230
501
822
478
547
429
322
422
908
812
108
922
871
1
17
734
702
276
3
452
68
746
832
598
35
476
432
672
779
210
923
219
209
98
553
271
138
628
972
34
952
70
181
297
920
376
369
86
185
590
764
539
596
885
153
627
611
519
153
48
320
362
749
198
275
504
91
33
949
218
343
654
734
559
253
714
267
296
967
679
31
510
786
106
998
807
950
651
33
532
695
293
868
352
705
283
165
657
916
977
73
666
683
356
430
941
66
254
465
928
481
403
898
985
71
67
212
920
393
440
244
850
363
53
383
853
235
489
930
676
391
483
125
433
957
694
614
247
498
432
955
340
347
964
221
162
140
871
606
450
480
817
993
582
211
142
279
105
273
457
654
904
129
908
973
288
995
108
560
59
247
911
230
710
236
569
288
482
843
448
169
170
697
789
813
87
53
213
150
27
588
138
329
269
85
409
619
388
21
998
92
181
652
413
949
496
983
250
797
768
142
242
387
101
800
307
794
709
293
925
385
264
32
7
774
510
511
839
738
604
981
388
169
185
321
886
738
487
811
849
274
240
484
647
98
216
869
580
636
692
56
866
508
444
574
127
74
207
298
46
183
205
201
910
147
847
13
600
681
785
619
885
635
766
403
136
118
546
228
160
249
108
379
976
760
893
616
695
117
47
539
591
802
25
199
259
567
924
365
966
944
695
158
54
5
67
219
456
181
421
632
870
674
404
925
11
881
819
211
892
26
871
850
68
372
432
544
694
116
691
148
149
830
671
870
96
193
833
544
912
365
735
416
838
664
204
692
809
804
9
135
578
977
556
633
609
739
115
294
354
28
548
567
571
583
821
439
357
923
315
249
687
789
349
778
784
823
376
367
124
957
226
20
748
196
157
335
221
974
872
666
416
346
776
427
504
680
387
103
76
772
228
496
913
647
468
575
979
777
40
597
943
950
770
95
78
562
276
115
262
330
980
328
783
224
131
414
526
858
327
366
316
133
862
223
109
374
57
136
473
441
884
331
222
378
826
913
842
552
193
793
134
954
29
8
816
880
43
622
922
414
734
597
196
685
896
393
502
935
205
816
760
38
32
325
290
138
709
320
339
660
670
716
287
833
986
200
658
515
469
938
946
210
736
285
563
624
869
848
803
276
163
183
736
351
438
624
673
350
718
933
471
436
982
843
300
225
589
415
713
915
613
694
342
706
541
522
151
76
16
538
243
449
124
517
331
112
599
98
855
900
255
466
391
322
486
141
806
861
238
355
438
509
189
910
455
22
167
854
361
933
242
56
407
745
132
983
622
769
643
633
377
352
172
717
862
14
250
916
812
855
926
413
485
597
206
479
391
962
873
953
754
485
805
426
411
411
351
729
767
717
696
289
415
737
671
208
486
282
138
848
424
399
187
488
728
778
87
546
859
423
371
774
944
274
865
987
644
505
793
464
713
841
25
855
364
835
817
894
770
808
119
232
337
199
269
379
35
221
102
568
515
262
689
831
288
881
582
755
725
968
357
45
164
382
960
237
805
939
155
76
483
639
701
761
324
66
344
480
700
675
112
266
735
307
310
950
493
115
202
802
707
456
300
171
24
806
409
65
395
771
724
73
560
72
954
839
180
631
117
555
745
946
180
937
394
251
497
118
610
747
727
809
698
441
627
155
961
507
901
815
416
367
602
245
712
263
248
686
431
745
568
650
447
618
227
41
402
497
881
201
490
822
530
179
431
516
83
658
227
524
160
730
235
576
364
305
12
769
938
487
694
306
562
446
210
352
514
785
777
939
553
323
745
586
684
191
625
131
808
767
49
976
561
942
668
518
522
233
467
540
891
503
526
116
121
478
177
930
474
42
247
135
912
315
953
398
672
830
906
813
650
675
693
818
466
246
269
648
234
25
340
838
510
51
60
375
628
825
557
378
208
899
123
795
396
926
419
949
333
918
919
137
37
541
321
915
654
768
657
732
703
494
557
62
500
278
337
937
217
101
982
237
39
740
608
27
542
828
525
478
99
579
35
417
603
748
888
913
254
172
434
174
283
705
261
626
208
379
462
817
45
272
462
530
226
902
569
467
203
91
84
984
501
970
151
405
97
303
463
194
113
755
721
399
518
132
985
937
689
431
783
816
638
62
69
761
836
244
405
495
755
124
252
870
580
673
480
408
682
220
323
883
400
621
43
128
459
18
777
211
557
658
397
332
954
481
610
622
323
524
253
295
715
964
578
644
776
860
39
556
544
448
918
400
347
278
159
90
764
98
190
525
728
455
5
28
398
667
36
996
328
975
435
398
482
475
418
272
954
303
43
54
544
147
372
905
660
843
250
856
856
987
120
581
241
956
503
185
373
628
265
0
453
476
848
645
32
123
0
900
107
933
324
439
812
171
82
421
684
970
354
620
996
824
959
314
606
746
982
737
601
806
422
722
729
393
901
791
61
178
102
792
9
788
149
533
66
776
549
900
518
942
156
62
0
732
608
222
513
505
588
973
799
586
387
804
774
388
790
963
575
561
972
715
611
859
383
584
796
605
239
586
714
63
566
741
665
958
599
144
612
605
268
13
835
880
761
25
995
73
850
342
719
193
502
113
105
574
708
256
81
275
504
520
917
239
186
782
537
547
596
668
258
513
216
45
455
718
200
623
42
921
53
317
224
565
166
628
507
652
389
903
488
779
80
394
46
693
609
784
420
512
978
584
643
270
493
412
703
890
743
889
787
89
423
951
440
664
156
365
999
339
554
250
175
844
613
461
378
635
65
118
603
909
174
302
91
222
184
923
347
332
914
991
676
141
390
577
931
329
232
253
892
50
279
568
446
105
955
49
209
206
799
468
262
87
365
879
671
558
941
319
563
353
895
246
78
402
189
548
491
879
625
374
154
678
891
36
612
415
487
43
840
451
900
22
350
174
614
845
849
958
418
318
617
285
700
353
133
64
581
139
680
238
792
421
241
864
992
893
119
271
197
591
110
185
164
545
909
300
829
568
551
742
302
559
955
981
656
107
865
279
372
758
129
736
803
321
687
934
623
264
720
577
112
601
271
60
366
303
492
633
818
877
672
72
149
974
24
828
674
376
763
270
164
230
355
887
415
335
727
207
699
104
103
878
629
497
148
148
298
449
533
912
15
187
595
410
306
491
845
205
218
987
877
762
614
508
490
608
743
281
327
161
202
858
383
334
769
336
591
109
748
634
981
280
585
969
852
121
650
933
962
863
820
268
86
768
232
829
565
906
850
936
209
971
770
930
539
454
545
4
868
130
414
302
227
434
317
104
504
594
966
572
127
907
78
318
701
229
532
417
775
984
364
252
272
825
199
548
465
122
739
502
202
932
188
266
631
48
474
545
604
37
398
371
821
608
255
818
765
948
330
490
380
743
205
314
877
426
967
683
891
420
1
46
985
56
849
621
904
521
692
104
465
639
680
735
70
430
478
336
940
93
315
260
779
743
490
362
258
484
905
2
564
142
99
742
219
158
720
59
646
926
113
931
410
756
384
599
99
441
23
902
77
579
275
699
238
12
606
489
137
6
425
9
414
699
342
780
540
977
241
773
425
876
454
690
826
688
338
683
536
875
375
498
246
196
384
693
297
328
762
139
796
480
92
169
945
325
266
52
440
846
305
30
146
869
384
754
188
429
274
617
220
540
649
499
988
910
81
925
427
283
102
841
114
408
815
872
35
961
956
208
507
766
636
646
672
794
385
349
190
878
30
708
803
446
177
276
359
42
711
36
217
86
184
573
805
829
508
394
342
3
561
60
685
101
586
659
272
962
285
865
100
627
469
809
135
551
126
455
119
127
84
917
596
248
366
649
653
624
471
288
682
459
974
433
509
775
233
97
882
525
827
318
304
519
742
641
814
311
259
859
346
84
59
394
60
56
359
620
567
39
489
534
797
516
920
619
706
542
681
40
848
245
987
935
474
998
542
592
351
291
993
196
988
242
426
929
707
71
881
299
686
348
732
217
362
334
924
336
360
395
827
584
255
953
401
530
677
674
333
823
688
383
321
816
963
798
751
95
731
285
750
808
798
482
938
316
470
552
23
563
57
159
406
639
690
464
458
107
155
79
863
310
992
403
804
39
648
730
875
456
441
229
796
96
361
626
706
716
430
154
721
963
580
941
165
632
392
97
616
175
392
817
143
494
158
631
453
656
842
520
256
632
328
468
827
225
815
467
740
361
667
287
870
360
600
923
470
681
572
802
69
165
332
429
82
949
85
918
638
34
423
618
535
33
23
792
402
726
306
150
267
95
14
607
168
964
322
567
319
245
123
173
85
997
443
231
956
531
600
643
835
182
903
237
237
853
665
812
761
843
989
604
662
330
179
518
195
100
707
262
948
762
757
193
800
994
286
782
909
331
913
537
140
959
146
874
690
820
277
534
842
419
444
114
453
190
927
434
813
232
203
724
158
723
280
7
403
216
266
758
164
182
392
831
168
477
765
94
744
970
718
834
795
381
670
859
5
454
21
952
988
17
741
427
973
984
142
677
156
464
188
206
903
311
87
994
898
630
331
207
828
642
823
90
204
714
717
244
452
511
531
851
905
699
890
341
604
183
655
572
858
916
632
235
339
168
929
106
292
482
996
760
41
590
833
378
616
710
385
731
171
239
234
940
483
716
284
367
663
157
997
65
246
435
263
497
469
801
390
570
601
515
248
34
744
102
350
723
976
31
420
740
588
175
15
640
314
302
57
607
965
912
377
947
374
366
837
986
55
215
820
436
532
879
16
428
564
696
819
669
132
63
864
505
68
975
371
282
785
831
520
774
861
442
162
898
668
444
132
471
495
121
12
990
630
179
884
162
901
335
484
966
836
267
526
979
789
690
513
76
200
792
447
876
759
570
534
548
682
514
92
555
174
437
368
793
990
293
419
728
445
326
764
947
173
270
868
526
41
282
248
363
541
139
653
307
122
136
752
886
61
37
282
929
915
832
407
456
281
811
719
967
450
126
470
1
840
771
528
668
38
733
956
784
214
161
895
508
203
111
847
696
888
855
67
396
977
543
129
301
210
529
770
446
380
524
387
463
663
18
382
722
538
883
128
951
354
312
175
326
966
79
377
771
830
445
845
539
487
566
657
957
55
472
121
781
583
952
192
661
889
719
389
10
740
561
637
257
591
932
595
846
552
349
11
355
528
696
878
618
325
311
320
521
448
319
523
335
476
346
472
921
897
438
80
236
709
636
700
72
906
779
261
187
624
424
53
781
396
112
145
252
152
610
543
109
822
240
756
822
825
746
925
879
702
180
249
278
702
726
61
498
698
124
856
926
592
17
223
895
750
243
409
344
641
971
932
894
686
529
460
362
874
611
958
827
353
936
47
136
277
171
182
639
409
370
978
612
218
751
440
935
638
258
19
858
227
787
77
177
897
391
649
727
775
564
94
558
235
666
459
443
898
549
658
461
69
370
512
145
507
836
206
401
34
638
551
813
297
790
964
851
562
665
47
345
631
555
466
899
263
643
126
6
120
535
511
712
65
8
839
113
493
907
888
273
746
630
972
359
655
481
374
381
832
134
607
821
93
582
439
757
379
435
840
317
100
340
425
654
570
260
723
717
786
466
713
301
723
364
796
59
573
553
191
75
489
704
386
529
411
0
280
589
767
133
147
343
178
560
3
406
840
613
835
914
88
128
986
657
229
412
944
1
939
277
63
372
862
747
27
120
50
749
549
691
50
126
527
492
581
998
795
715
573
360
810
781
907
574
157
448
305
981
230
320
685
438
947
93
344
537
634
652
725
477
741
815
801
479
228
798
369
880
149
129
2
791
58
442
381
501
735
304
74
773
169
476
258
204
573
915
896
309
528
669
221
483
95
902
725
852
934
626
851
734
677
563
19
224
789
189
23
558
814
767
991
140
458
134
327
243
928
116
754
41
527
755
4
20
712
458
7
139
399
71
760
665
305
936
404
786
790
405
462
451
21
424
582
653
404
428
130
92
299
781
928
486
683
852
89
96
488
33
81
261
837
410
647
576
256
663
663
449
955
680
673
451
233
277
768
338
794
473
190
556
337
594
642
80
687
141
975
787
100
220
249
346
4
178
705
397
426
676
593
708
182
875
905
810
295
436
739
368
413
675
629
523
118
442
990
765
495
824
763
711
307
952
115
838
396
935
144
103
576
538
66
994
236
951
769
203
854
99
463
150
709
635
425
109
866
64
647
431
443
29
89
980
44
492
16
447
623
58
354
318
971
184
991
52
919
503
141
4
617
655
336
31
500
659
868
10
678
445
290
224
289
271
427
281
125
545
195
595
602
103
399
304
461
349
705
569
341
491
996
517
942
21
784
640
382
177
433
397
959
255
934
286
376
801
14
144
166
772
417
407
722
777
860
752
46
204
646
172
661
348
268
834
702
999
8
279
77
265
2
155
465
989
319
803
666
979
223
77
358
373
424
749
268
818
452
974
716
153
186
486
198
299
5
375
670
689
721
135
199
891
602
560
897
195
901
542
927
804
844
566
225
961
629
254
931
942
884
485
662
594
273
421
479
449
516
536
579
758
26
26
556
875
488
842
873
165
445
519
406
309
615
312
853
660
603
226
894
125
697
911
498
343
40
292
922
571
324
462
536
265
895
541
170
390
303
940
562
759
101
90
820
867
313
731
826
71
198
312
800
713
333
936
968
791
457
214
422
810
264
442
649
358
778
360
523
830
380
168
691
882
691
263
533
943
882
520
529
945
965
106
214
655
867
885
557
156
90
809
167
609
154
577
920
521
847
669
32
58
194
788
68
807
367
298
763
618
384
595
239
975
454
883
460
27
601
851
382
479
309
475
29
688
551
251
969
712
308
983
759
621
312
117
270
229
42
259
558
392
460
570
583
231
783
517
873
637
687
284
917
615
724
358
844
986
500
260
443
450
747
664
738
356
636
741
143
837
969
650
960
457
724
191
516
606
418
599
525
878
231
644
147
28
752
838
814
700
941
733
991
212
161
829
861
253
575
286
522
295
385
289
62
930
785
211
714
411
946
656
386
373
642
846
123
623
727
686
514
869
990
826
111
294
131
795
301
629
401
491
867
329
753
808
992
22
380
460
750
980
857
697
370
247
492
96
726
178
893
207
615
310
590
811
517
494
509
220
63
676
6
523
921
217
753
313
943
54
209
780
593
772
191
432
64
994
57
406
726
945
134
682
685
233
931
50
802
662
512
341
44
499
49
938
819
264
944
234
133
911
897
824
160
192
481
534
667
317
856
61
876
892
368
38
278
598
948
997
213
345
329
896
120
737
857
357
469
737
179
89
213
906
436
484
330
212
550
837
794
284
29
351
921
412
533
52
83
958
675
871
259
458
773
256
972
864
269
17
661
18
37
627
386
261
280
592
757
55
337
692
238
146
513
749
625
571
979
423
852
919
836
730
475
554
477
756
882
963
512
375
970
729
188
252
111
195
537
373
58
565
910
902
819
834
161
38
797
823
928
82
82
429
565
750
849
324
363
24
572
744
494
192
521
778
589
587
86
833
506
400
917
309
75
402
621
457
598
939
847
971
137
49
106
546
84
473
592
642
874
580
874
978
552
756
547
999
150
810
503
736
152
274
968
355
353
698
738
571
294
872
405
704
679
234
530
554
660
257
611
988
130
36
502
703
674
916
170
122
536
334
940
775
641
200
574
559
189
13
198
772
651
771
186
790
130
989
197
569
499
603
863
116
739
937
107
222
626
201
886
651
559
64
201
267
780
578
950
860
662
620
93
390
316
172
894
953
70
316
18
215
495
609
780
215
800
532
968
293
575
416
326
79
600
719
679
152
212
225
710
453
51
192
615
884
538
176
911
622
173
54
350
854
640
865
306
127
645
766
447
408
783
369
254
297
291
119
661
283
919
159
44
707
857
88
47
70
786
669
2
15
564
978
166
864
292
347
715
343
439
846
501
339
30
88
946
509
218
904
170
110
296
91
993
540
993
10
677
681
853
728
475
496
729
314
973
531
543
593
291
241
381
20
194
989
969
646
97
75
240
69
640
48
257
14
908
83
245
420
907
9
834
976
322
301
782
333
371
407
145
671
914
166
370
943
444
451
345
625
510
332
300
202
673
140
20
997
461
873
805
94
857
356
742
549
695
219
143
496
922
934
866
951
240
807
578
242
273
311
831
522
433
7
788
78
546
104
74
867
872
419
88
216
55
648
584
960
313
535
244
845
163
598
762
553
659
711
948
505
985
8
472
286
287
72
40
51
887
648
841
708
701
961
408
732
924
866
527
145
434
893
437
143
153
388
607
908
437
697
6
605
3
914
877
514
304
290
899
896
519
766
684
637
289
656
511
811
459
634
450
369
863
899
338
413
634
596
173
641
999
358
187
547
703
927
386
918
748
284
983
85
614
397
325
782
435
197
214
664
22
751
543
340
733
45
31
730
862
294
752
965
122
223
176
887
296
718
793
886
854
395
825
678
684
251
345
184
555
751
927
160
554
144
471
291
753
243
704
157
236
527
194
393
499
348
377
19
308
290
590
889
929
982
114
765
980
81
151
637
764
821
10
960
995
806
16
114
909
633
585
721
645
605
197
473
617
722
344
148
589
105
720
890
566
753
799
798
226
395
776
876
110
706
651
788
404
689
889
308
587
401
410
418
180
528
389
992
698
327
251
111
828
125
799
995
452
430
531
463
602
860
30
11
593
550
348
888
619
468
152
757
903
959
701
422
880
265
688
128
117
75
94
334
892
186
620
731
281
338
612
412
693
470
791
19
670
652
610
579
310
12
341
807
154
754
678
824
292
957
797
437
904
720
965
711
389
428
583
137
535
131
710
861
597
667
576
464
550
924
357
550
616
844
839
151
659
213
477
801
51
44
885
326
163
299
613
485
635
587
630
400
359
428
167
110
228
83
67
962
356
361
80
763
24
73
15
352
644
275
48
759
645
295
231
467
13
773
747
932
368
585
577
594
11
146
176
841
260
506
585
176
52
758
890
883
515
323
315
744
474
287
26
308
500
832
313
524
163
159
28
167
984
945
887
215
417
74
733
653
725
588
108
947
506
679
787
183
363
162
814
257
581
493
79
296
967
298
704
587
181
472
506
230
501
822
478
547
429
322
422
908
812
108
922
871
1
17
734
702
276
3
452
68
746
832
598
35
476
432
672
779
210
923
219
209
98
553
271
138
628
972
34
952
70
181
297
920
376
369
86
185
590
764
539
596
885
153
627
611
519
153
48
320
362
749
198
275
504
91
33
949
218
343
654
734
559
253
714
267
296
967
679
31
510
786
106
998
807
950
651
33
532
695
293
868
352
705
283
165
657
916
977
73
666
683
356
430
941
66
254
465
928
481
403
898
985
71
67
212
920
393
440
244
850
363
53
383
853
235
489
930
676
391
483
125
433
957
694
614
247
498
432
955
340
347
964
221
162
140
871
606
450
480
817
993
582
211
142
279
105
273
457
654
904
129
908
973
288
995
108
560
59
247
911
230
710
236
569
288
482
843
448
169
170
697
789
813
87
53
213
150
27
588
138
329
269
85
409
619
388
21
998
92
181
652
413
949
496
983
250
797
768
142
242
387
101
800
307
794
709
293
925
385
264
32
7
774
510
511
839
738
604
981
388
169
185
321
886
738
487
811
849
274
240
484
647
98
216
869
580
636
692
56
866
508
444
574
127
74
207
298
46
183
205
201
910
147
847
13
600
681
785
619
885
635
766
403
136
118
546
228
160
249
108
379
976
760
893
616
695
117
47
539
591
802
25
199
259
567
924
365
966
944
695
158
54
5
67
219
456
181
421
632
870
674
404
925
11
881
819
211
892
26
871
850
68
372
432
544
694
116
691
148
149
830
671
870
96
193
833
544
912
365
735
416
838
664
204
692
809
804
9
135
578
977
556
633
609
739
115
294
354
28
548
567
571
583
821
439
357
923
315
249
687
789
349
778
784
823
376
367
124
957
226
20
748
196
157
335
221
974
872
666
416
346
776
427
504
680
387
103
76
772
228
496
913
647
468
575
979
777
40
597
943
950
770
95
78
562
276
115
262
330
980
328
783
224
131
414
526
858
327
366
316
133
862
223
109
374
57
136
473
441
884
331
222
378
826
913
842
552
193
793
134
954
29
8
816
880
43
622
922
414
734
597
196
685
896
393
502
935
205
816
760
38
32
325
290
138
709
320
339
660
670
716
287
833
986
200
658
515
469
938
946
210
736
285
563
624
869
848
803
276
163
183
736
351
438
624
673
350
718
933
471
436
982
843
300
225
589
415
713
915
613
694
342
706
541
522
151
76
16
538
243
449
124
517
331
112
599
98
855
900
255
466
391
322
486
141
806
861
238
355
438
509
189
910
455
22
167
854
361
933
242
56
407
745
132
983
622
769
643
633
377
352
172
717
862
14
250
916
812
855
926
413
485
597
206
479
391
962
873
953
754
485
805
426
411
411
351
729
767
717
696
289
415
737
671
208
486
282
138
848
424
399
187
488
728
778
87
546
859
423
371
774
944
274
865
987
644
505
793
464
713
841
25
855
364
835
817
894
770
808
119
232
337
199
269
379
35
221
102
568
515
262
689
831
288
881
582
755
725
968
357
45
164
382
960
237
805
939
155
76
483
639
701
761
324
66
344
480
700
675
112
266
735
307
310
950
493
115
202
802
707
456
300
171
24
806
409
65
395
771
724
73
560
72
954
839
180
631
117
555
745
946
180
937
394
251
497
118
610
747
727
809
698
441
627
155
961
507
901
815
416
367
602
245
712
263
248
686
431
745
568
650
447
618
227
41
402
497
881
201
490
822
530
179
431
516
83
658
227
524
160
730
235
576
364
305
12
769
938
487
694
306
562
446
210
352
514
785
777
939
553
323
745
586
684
191
625
131
808
767
49
976
561
942
668
518
522
233
467
540
891
503
526
116
121
478
177
930
474
42
247
135
912
315
953
398
672
830
906
813
650
675
693
818
466
246
269
648
234
25
340
838
510
51
60
375
628
825
557
378
208
899
123
795
396
926
419
949
333
918
919
137
37
541
321
915
654
768
657
732
703
494
557
62
500
278
337
937
217
101
982
237
39
740
608
27
542
828
525
478
99
579
35
417
603
748
888
913
254
172
434
174
283
705
261
626
208
379
462
817
45
272
462
530
226
902
569
467
203
91
84
984
501
970
151
405
97
303
463
194
113
755
721
399
518
132
985
937
689
431
783
816
638
62
69
761
836
244
405
495
755
124
252
870
580
673
480
408
682
220
323
883
400
621
43
128
459
18
777
211
557
658
397
332
954
481
610
622
323
524
253
295
715
964
578
644
776
860
39
556
544
448
918
400
347
278
159
90
764
98
190
525
728
455
5
28
398
667
36
996
328
975
435
398
482
475
418
272
954
303
43
54
544
147
372
905
660
843
250
856
856
987
120
581
241
956
503
185
373
628
265
0
453
476
848
645
32
123
0
900
107
933
324
439
812
171
82
421
684
970
354
620
996
824
959
314
606
746
982
737
601
806
422
722
729
393
901
791
61
178
102
792
9
788
149
533
66
776
549
900
518
942
156
62
0
732
608
222
513
505
588
973
799
586
387
804
774
388
790
963
575
561
972
715
611
859
383
584
796
605
239
586
714
63
566
741
665
958
599
144
612
605
268
13
835
880
761
25
995
73
850
342
719
193
502
113
105
574
708
256
81
275
504
520
917
239
186
782
537
547
596
668
258
513
216
45
455
718
200
623
42
921
53
317
224
565
166
628
507
652
389
903
488
779
80
394
46
693
609
784
420
512
978
584
643
270
493
412
703
890
743
889
787
89
423
951
440
664
156
365
999
339
554
250
175
844
613
461
378
635
65
118
603
909
174
302
91
222
184
923
347
332
914
991
676
141
390
577
931
329
232
253
892
50
279
568
446
105
955
49
209
206
799
468
262
87
365
879
671
558
941
319
563
353
895
246
78
402
189
548
491
879
625
374
154
678
891
36
612
415
487
43
840
451
900
22
350
174
614
845
849
958
418
318
617
285
700
353
133
64
581
139
680
238
792
421
241
864
992
893
119
271
197
591
110
185
164
545
909
300
829
568
551
742
302
559
955
981
656
107
865
279
372
758
129
736
803
321
687
934
623
264
720
577
112
601
271
60
366
303
492
633
818
877
672
72
149
974
24
828
674
376
763
270
164
230
355
887
415
335
727
207
699
104
103
878
629
497
148
148
298
449
533
912
15
187
595
410
306
491
845
205
218
987
877
762
614
508
490
608
743
281
327
161
202
858
383
334
769
336
591
109
748
634
981
280
585
969
852
121
650
933
962
863
820
268
86
768
232
829
565
906
850
936
209
971
770
930
539
454
545
4
868
130
414
302
227
434
317
104
504
594
966
572
127
907
78
318
701
229
532
417
775
984
364
252
272
825
199
548
465
122
739
502
202
932
188
266
631
48
474
545
604
37
398
371
821
608
255
818
765
948
330
490
380
743
205
314
877
426
967
683
891
420
1
46
985
56
849
621
904
521
692
104
465
639
680
735
70
430
478
336
940
93
315
260
779
743
490
362
258
484
905
2
564
142
99
742
219
158
720
59
646
926
113
931
410
756
384
599
99
441
23
902
77
579
275
699
238
12
606
489
137
6
425
9
414
699
342
780
540
977
241
773
425
876
454
690
826
688
338
683
536
875
375
498
246
196
384
693
297
328
762
139
796
480
92
169
945
325
266
52
440
846
305
30
146
869
384
754
188
429
274
617
220
540
649
499
988
910
81
925
427
283
102
841
114
408
815
872
35
961
956
208
507
766
636
646
672
794
385
349
190
878
30
708
803
446
177
276
359
42
711
36
217
86
184
573
805
829
508
394
342
3
561
60
685
101
586
659
272
962
285
865
100
627
469
809
135
551
126
455
119
127
84
917
596
248
366
649
653
624
471
288
682
459
974
433
509
775
233
97
882
525
827
318
304
519
742
641
814
311
259
859
346
84
59
394
60
56
359
620
567
39
489
534
797
516
920
619
706
542
681
40
848
245
987
935
474
998
542
592
351
291
993
196
988
242
426
929
707
71
881
299
686
348
732
217
362
334
924
336
360
395
827
584
255
953
401
530
677
674
333
823
688
383
321
816
963
798
751
95
731
285
750
808
798
482
938
316
470
552
23
563
57
159
406
639
690
464
458
107
155
79
863
310
992
403
804
39
648
730
875
456
441
229
796
96
361
626
706
716
430
154
721
963
580
941
165
632
392
97
616
175
392
817
143
494
158
631
453
656
842
520
256
632
328
468
827
225
815
467
740
361
667
287
870
360
600
923
470
681
572
802
69
165
332
429
82
949
85
918
638
34
423
618
535
33
23
792
402
726
306
150
267
95
14
607
168
964
322
567
319
245
123
173
85
997
443
231
956
531
600
643
835
182
903
237
237
853
665
812
761
843
989
604
662
330
179
518
195
100
707
262
948
762
757
193
800
994
286
782
909
331
913
537
140
959
146
874
690
820
277
534
842
419
444
114
453
190
927
434
813
232
203
724
158
723
280
7
403
216
266
758
164
182
392
831
168
477
765
94
744
970
718
834
795
381
670
859
5
454
21
952
988
17
741
427
973
984
142
677
156
464
188
206
903
311
87
994
898
630
331
207
828
642
823
90
204
714
717
244
452
511
531
851
905
699
890
341
604
183
655
572
858
916
632
235
339
168
929
106
292
482
996
760
41
590
833
378
616
710
385
731
171
239
234
940
483
716
284
367
663
157
997
65
246
435
263
497
469
801
390
570
601
515
248
34
744
102
350
723
976
31
420
740
588
175
15
640
314
302
57
607
965
912
377
947
374
366
837
986
55
215
820
436
532
879
16
428
564
696
819
669
132
63
864
505
68
975
371
282
785
831
520
774
861
442
162
898
668
444
132
471
495
121
12
990
630
179
884
162
901
335
484
966
836
267
526
979
789
690
513
76
200
792
447
876
759
570
534
548
682
514
92
555
174
437
368
793
990
293
419
728
445
326
764
947
173
270
868
526
41
282
248
363
541
139
653
307
122
136
752
886
61
37
282
929
915
832
407
456
281
811
719
967
450
126
470
1
840
771
528
668
38
733
956
784
214
161
895
508
203
111
847
696
888
855
67
396
977
543
129
301
210
529
770
446
380
524
387
463
663
18
382
722
538
883
128
951
354
312
175
326
966
79
377
771
830
445
845
539
487
566
657
957
55
472
121
781
583
952
192
661
889
719
389
10
740
561
637
257
591
932
595
846
552
349
11
355
528
696
878
618
325
311
320
521
448
319
523
335
476
346
472
921
897
438
80
236
709
636
700
72
906
779
261
187
624
424
53
781
396
112
145
252
152
610
543
109
822
240
756
822
825
746
925
879
702
180
249
278
702
726
61
498
698
124
856
926
592
17
223
895
750
243
409
344
641
971
932
894
686
529
460
362
874
611
958
827
353
936
47
136
277
171
182
639
409
370
978
612
218
751
440
935
638
258
19
858
227
787
77
177
897
391
649
727
775
564
94
558
235
666
459
443
898
549
658
461
69
370
512
145
507
836
206
401
34
638
551
813
297
790
964
851
562
665
47
345
631
555
466
899
263
643
126
6
120
535
511
712
65
8
839
113
493
907
888
273
746
630
972
359
655
481
374
381
832
134
607
821
93
582
439
757
379
435
840
317
100
340
425
654
570
260
723
717
786
466
713
301
723
364
796
59
573
553
191
75
489
704
386
529
411
0
280
589
767
133
147
343
178
560
3
406
840
613
835
914
88
128
986
657
229
412
944
1
939
277
63
372
862
747
27
120
50
749
549
691
50
126
527
492
581
998
795
715
573
360
810
781
907
574
157
448
305
981
230
320
685
438
947
93
344
537
634
652
725
477
741
815
801
479
228
798
369
880
149
129
2
791
58
442
381
501
735
304
74
773
169
476
258
204
573
915
896
309
528
669
221
483
95
902
725
852
934
626
851
734
677
563
19
224
789
189
23
558
814
767
991
140
458
134
327
243
928
116
754
41
527
755
4
20
712
458
7
139
399
71
760
665
305
936
404
786
790
405
462
451
21
424
582
653
404
428
130
92
299
781
928
486
683
852
89
96
488
33
81
261
837
410
647
576
256
663
663
449
955
680
673
451
233
277
768
338
794
473
190
556
337
594
642
80
687
141
975
787
100
220
249
346
4
178
705
397
426
676
593
708
182
875
905
810
295
436
739
368
413
675
629
523
118
442
990
765
495
824
763
711
307
952
115
838
396
935
144
103
576
538
66
994
236
951
769
203
854
99
463
150
709
635
425
109
866
64
647
431
443
29
89
980
44
492
16
447
623
58
354
318
971
184
991
52
919
503
141
4
617
655
336
31
500
659
868
10
678
445
290
224
289
271
427
281
125
545
195
595
602
103
399
304
461
349
705
569
341
491
996
517
942
21
784
640
382
177
433
397
959
255
934
286
376
801
14
144
166
772
417
407
722
777
860
752
46
204
646
172
661
348
268
834
702
999
8
279
77
265
2
155
465
989
319
803
666
979
223
77
358
373
424
749
268
818
452
974
716
153
186
486
198
299
5
375
670
689
721
135
199
891
602
560
897
195
901
542
927
804
844
566
225
961
629
254
931
942
884
485
662
594
273
421
479
449
516
536
579
758
26
26
556
875
488
842
873
165
445
519
406
309
615
312
853
660
603
226
894
125
697
911
498
343
40
292
922
571
324
462
536
265
895
541
170
390
303
940
562
759
101
90
820
867
313
731
826
71
198
312
800
713
333
936
968
791
457
214
422
810
264
442
649
358
778
360
523
830
380
168
691
882
691
263
533
943
882
520
529
945
965
106
214
655
867
885
557
156
90
809
167
609
154
577
920
521
847
669
32
58
194
788
68
807
367
298
763
618
384
595
239
975
454
883
460
27
601
851
382
479
309
475
29
688
551
251
969
712
308
983
759
621
312
117
270
229
42
259
558
392
460
570
583
231
783
517
873
637
687
284
917
615
724
358
844
986
500
260
443
450
747
664
738
356
636
741
143
837
969
650
960
457
724
191
516
606
418
599
525
878
231
644
147
28
752
838
814
700
941
733
991
212
161
829
861
253
575
286
522
295
385
289
62
930
785
211
714
411
946
656
386
373
642
846
123
623
727
686
514
869
990
826
111
294
131
795
301
629
401
491
867
329
753
808
992
22
380
460
750
980
857
697
370
247
492
96
726
178
893
207
615
310
590
811
517
494
509
220
63
676
6
523
921
217
753
313
943
54
209
780
593
772
191
432
64
994
57
406
726
945
134
682
685
233
931
50
802
662
512
341
44
499
49
938
819
264
944
234
133
911
897
824
160
192
481
534
667
317
856
61
876
892
368
38
278
598
948
997
213
345
329
896
120
737
857
357
469
737
179
89
213
906
436
484
330
212
550
837
794
284
29
351
921
412
533
52
83
958
675
871
259
458
773
256
972
864
269
17
661
18
37
627
386
261
280
592
757
55
337
692
238
146
513
749
625
571
979
423
852
919
836
730
475
554
477
756
882
963
512
375
970
729
188
252
111
195
537
373
58
565
910
902
819
834
161
38
797
823
928
82
82
429
565
750
849
324
363
24
572
744
494
192
521
778
589
587
86
833
506
400
917
309
75
402
621
457
598
939
847
971
137
49
106
546
84
473
592
642
874
580
874
978
552
756
547
999
150
810
503
736
152
274
968
355
353
698
738
571
294
872
405
704
679
234
530
554
660
257
611
988
130
36
502
703
674
916
170
122
536
334
940
775
641
200
574
559
189
13
198
772
651
771
186
790
130
989
197
569
499
603
863
116
739
937
107
222
626
201
886
651
559
64
201
267
780
578
950
860
662
620
93
390
316
172
894
953
70
316
18
215
495
609
780
215
800
532
968
293
575
416
326
79
600
719
679
152
212
225
710
453
51
192
615
884
538
176
911
622
173
54
350
854
640
865
306
127
645
766
447
408
783
369
254
297
291
119
661
283
919
159
44
707
857
88
47
70
786
669
2
15
564
978
166
864
292
347
715
343
439
846
501
339
30
88
946
509
218
904
170
110
296
91
993
540
993
10
677
681
853
728
475
496
729
314
973
531
543
593
291
241
381
20
194
989
969
646
97
75
240
69
640
48
257
14
908
83
245
420
907
9
834
976
322
301
782
333
371
407
145
671
914
166
370
943
444
451
345
625
510
332
300
202
673
140
20
997
461
873
805
94
857
356
742
549
695
219
143
496
922
934
866
951
240
807
578
242
273
311
831
522
433
7
788
78
546
104
74
867
872
419
88
216
55
648
584
960
313
535
244
845
163
598
762
553
659
711
948
505
985
8
472
286
287
72
40
51
887
648
841
708
701
961
408
732
924
866
527
145
434
893
437
143
153
388
607
908
437
697
6
605
3
914
877
514
304
290
899
896
519
766
684
637
289
656
511
811
459
634
450
369
863
899
338
413
634
596
173
641
999
358
187
547
703
927
386
918
748
284
983
85
614
397
325
782
435
197
214
664
22
751
543
340
733
45
31
730
862
294
752
965
122
223
176
887
296
718
793
886
854
395
825
678
684
251
345
184
555
751
927
160
554
144
471
291
753
243
704
157
236
527
194
393
499
348
377
19
308
290
590
889
929
982
114
765
980
81
151
637
764
821
10
960
995
806
16
114
909
633
585
721
645
605
197
473
617
722
344
148
589
105
720
890
566
753
799
798
226
395
776
876
110
706
651
788
404
689
889
308
587
401
410
418
180
528
389
992
698
327
251
111
828
125
799
995
452
430
531
463
602
860
30
11
593
550
348
888
619
468
152
757
903
959
701
422
880
265
688
128
117
75
94
334
892
186
620
731
281
338
612
412
693
470
791
19
670
652
610
579
310
12
341
807
154
754
678
824
292
957
797
437
904
720
965
711
389
428
583
137
535
131
710
861
597
667
576
464
550
924
357
550
616
844
839
151
659
213
477
801
51
44
885
326
163
299
613
485
635
587
630
400
359
428
167
110
228
83
67
962
356
361
80
763
24
73
15
352
644
275
48
759
645
295
231
467
13
773
747
932
368
585
577
594
11
146
176
841
260
506
585
176
52
758
890
883
515
323
315
744
474
287
26
308
500
832
313
524
163
159
28
167
984
945
887
215
417
74
733
653
725
588
108
947
506
679
787
183
363
162
814
257
581
493
79
296
967
298
704
587
181
472
506
230
501
822
478
547
429
322
422
908
812
108
922
871
1
17
734
702
276
3
452
68
746
832
598
35
476
432
672
779
210
923
219
209
98
553
271
138
628
972
34
952
70
181
297
920
376
369
86
185
590
764
539
596
885
153
627
611
519
153
48
320
362
749
198
275
504
91
33
949
218
343
654
734
559
253
714
267
296
967
679
31
510
786
106
998
807
950
651
33
532
695
293
868
352
705
283
165
657
916
977
73
666
683
356
430
941
66
254
465
928
481
403
898
985
71
67
212
920
393
440
244
850
363
53
383
853
235
489
930
676
391
483
125
433
957
694
614
247
498
432
955
340
347
964
221
162
140
871
606
450
480
817
993
582
211
142
279
105
273
457
654
904
129
908
973
288
995
108
560
59
247
911
230
710
236
569
288
482
843
448
169
170
697
789
813
87
53
213
150
27
588
138
329
269
85
409
619
388
21
998
92
181
652
413
949
496
983
250
797
768
142
242
387
101
800
307
794
709
293
925
385
264
32
7
774
510
511
839
738
604
981
388
169
185
321
886
738
487
811
849
274
240
484
647
98
216
869
580
636
692
56
866
508
444
574
127
74
207
298
46
183
205
201
910
147
847
13
600
681
785
619
885
635
766
403
136
118
546
228
160
249
108
379
976
760
893
616
695
117
47
539
591
802
25
199
259
567
924
365
966
944
695
158
54
5
67
219
456
181
421
632
870
674
404
925
11
881
819
211
892
26
871
850
68
372
432
544
694
116
691
148
149
830
671
870
96
193
833
544
912
365
735
416
838
664
204
692
809
804
9
135
578
977
556
633
609
739
115
294
354
28
548
567
571
583
821
439
357
923
315
249
687
789
349
778
784
823
376
367
124
957
226
20
748
196
157
335
221
974
872
666
416
346
776
427
504
680
387
103
76
772
228
496
913
647
468
575
979
777
40
597
943
950
770
95
78
562
276
115
262
330
980
328
783
224
131
414
526
858
327
366
316
133
862
223
109
374
57
136
473
441
884
331
222
378
826
913
842
552
193
793
134
954
29
8
816
880
43
622
922
414
734
597
196
685
896
393
502
935
205
816
760
38
32
325
290
138
709
320
339
660
670
716
287
833
986
200
658
515
469
938
946
210
736
285
563
624
869
848
803
276
163
183
736
351
438
624
673
350
718
933
471
436
982
843
300
225
589
415
713
915
613
694
342
706
541
522
151
76
16
538
243
449
124
517
331
112
599
98
855
900
255
466
391
322
486
141
806
861
238
355
438
509
189
910
455
22
167
854
361
933
242
56
407
745
132
983
622
769
643
633
377
352
172
717
862
14
250
916
812
855
926
413
485
597
206
479
391
962
873
953
754
485
805
426
411
411
351
729
767
717
696
289
415
737
671
208
486
282
138
848
424
399
187
488
728
778
87
546
859
423
371
774
944
274
865
987
644
505
793
464
713
841
25
855
364
835
817
894
770
808
119
232
337
199
269
379
35
221
102
568
515
262
689
831
288
881
582
755
725
968
357
45
164
382
960
237
805
939
155
76
483
639
701
761
324
66
344
480
700
675
112
266
735
307
310
950
493
115
202
802
707
456
300
171
24
806
409
65
395
771
724
73
560
72
954
839
180
631
117
555
745
946
180
937
394
251
497
118
610
747
727
809
698
441
627
155
961
507
901
815
416
367
602
245
712
263
248
686
431
745
568
650
447
618
227
41
402
497
881
201
490
822
530
179
431
516
83
658
227
524
160
730
235
576
364
305
12
769
938
487
694
306
562
446
210
352
514
785
777
939
553
323
745
586
684
191
625
131
808
767
49
976
561
942
668
518
522
233
467
540
891
503
526
116
121
478
177
930
474
42
247
135
912
315
953
398
672
830
906
813
650
675
693
818
466
246
269
648
234
25
340
838
510
51
60
375
628
825
557
378
208
899
123
795
396
926
419
949
333
918
919
137
37
541
321
915
654
768
657
732
703
494
557
62
500
278
337
937
217
101
982
237
39
740
608
27
542
828
525
478
99
579
35
417
603
748
888
913
254
172
434
174
283
705
261
626
208
379
462
817
45
272
462
530
226
902
569
467
203
91
84
984
501
970
151
405
97
303
463
194
113
755
721
399
518
132
985
937
689
431
783
816
638
62
69
761
836
244
405
495
755
124
252
870
580
673
480
408
682
220
323
883
400
621
43
128
459
18
777
211
557
658
397
332
954
481
610
622
323
524
253
295
715
964
578
644
776
860
39
556
544
448
918
400
347
278
159
90
764
98
190
525
728
455
5
28
398
667
36
996
328
975
435
398
482
475
418
272
954
303
43
54
544
147
372
905
660
843
250
856
856
987
120
581
241
956
503
185
373
628
265
0
453
476
848
645
32
123
0
900
107
933
324
439
812
171
82
421
684
970
354
620
996
824
959
314
606
746
982
737
601
806
422
722
729
393
901
791
61
178
102
792
9
788
149
533
66
776
549
900
518
942
156
62
0
732
608
222
513
505
588
973
799
586
387
804
774
388
790
963
575
561
972
715
611
859
383
584
796
605
239
586
714
63
566
741
665
958
599
144
612
605
268
13
835
880
761
25
995
73
850
342
719
193
502
113
105
574
708
256
81
275
504
520
917
239
186
782
537
547
596
668
258
513
216
45
455
718
200
623
42
921
53
317
224
565
166
628
507
652
389
903
488
779
80
394
46
693
609
784
420
512
978
584
643
270
493
412
703
890
743
889
787
89
423
951
440
664
156
365
999
339
554
250
175
844
613
461
378
635
65
118
603
909
174
302
91
222
184
923
347
332
914
991
676
141
390
577
931
329
232
253
892
50
279
568
446
105
955
49
209
206
799
468
262
87
365
879
671
558
941
319
563
353
895
246
78
402
189
548
491
879
625
374
154
678
891
36
612
415
487
43
840
451
900
22
350
174
614
845
849
958
418
318
617
285
700
353
133
64
581
139
680
238
792
421
241
864
992
893
119
271
197
591
110
185
164
545
909
300
829
568
551
742
302
559
955
981
656
107
865
279
372
758
129
736
803
321
687
934
623
264
720
577
112
601
271
60
366
303
492
633
818
877
672
72
149
974
24
828
674
376
763
270
164
230
355
887
415
335
727
207
699
104
103
878
629
497
148
148
298
449
533
912
15
187
595
410
306
491
845
205
218
987
877
762
614
508
490
608
743
281
327
161
202
858
383
334
769
336
591
109
748
634
981
280
585
969
852
121
650
933
962
863
820
268
86
768
232
829
565
906
850
936
209
971
770
930
539
454
545
4
868
130
414
302
227
434
317
104
504
594
966
572
127
907
78
318
701
229
532
417
775
984
364
252
272
825
199
548
465
122
739
502
202
932
188
266
631
48
474
545
604
37
398
371
821
608
255
818
765
948
330
490
380
743
205
314
877
426
967
683
891
420
1
46
985
56
849
621
904
521
692
104
465
639
680
735
70
430
478
336
940
93
315
260
779
743
490
362
258
484
905
2
564
142
99
742
219
158
720
59
646
926
113
931
410
756
384
599
99
441
23
902
77
579
275
699
238
12
606
489
137
6
425
9
414
699
342
780
540
977
241
773
425
876
454
690
826
688
338
683
536
875
375
498
246
196
384
693
297
328
762
139
796
480
92
169
945
325
266
52
440
846
305
30
146
869
384
754
188
429
274
617
220
540
649
499
988
910
81
925
427
283
102
841
114
408
815
872
35
961
956
208
507
766
636
646
672
794
385
349
190
878
30
708
803
446
177
276
359
42
711
36
217
86
184
573
805
829
508
394
342
3
561
60
685
101
586
659
272
962
285
865
100
627
469
809
135
551
126
455
119
127
84
917
596
248
366
649
653
624
471
288
682
459
974
433
509
775
233
97
882
525
827
318
304
519
742
641
814
311
259
859
346
84
59
394
60
56
359
620
567
39
489
534
797
516
920
619
706
542
681
40
848
245
987
935
474
998
542
592
351
291
993
196
988
242
426
929
707
71
881
299
686
348
732
217
362
334
924
336
360
395
827
584
255
953
401
530
677
674
333
823
688
383
321
816
963
798
751
95
731
285
750
808
798
482
938
316
470
552
23
563
57
159
406
639
690
464
458
107
155
79
863
310
992
403
804
39
648
730
875
456
441
229
796
96
361
626
706
716
430
154
721
963
580
941
165
632
392
97
616
175
392
817
143
494
158
631
453
656
842
520
256
632
328
468
827
225
815
467
740
361
667
287
870
360
600
923
470
681
572
802
69
165
332
429
82
949
85
918
638
34
423
618
535
33
23
792
402
726
306
150
267
95
14
607
168
964
322
567
319
245
123
173
85
997
443
231
956
531
600
643
835
182
903
237
237
853
665
812
761
843
989
604
662
330
179
518
195
100
707
262
948
762
757
193
800
994
286
782
909
331
913
537
140
959
146
874
690
820
277
534
842
419
444
114
453
190
927
434
813
232
203
724
158
723
280
7
403
216
266
758
164
182
392
831
168
477
765
94
744
970
718
834
795
381
670
859
5
454
21
952
988
17
741
427
973
984
142
677
156
464
188
206
903
311
87
994
898
630
331
207
828
642
823
90
204
714
717
244
452
511
531
851
905
699
890
341
604
183
655
572
858
916
632
235
339
168
929
106
292
482
996
760
41
590
833
378
616
710
385
731
171
239
234
940
483
716
284
367
663
157
997
65
246
435
263
497
469
801
390
570
601
515
248
34
744
102
350
723
976
31
420
740
588
175
15
640
314
302
57
607
965
912
377
947
374
366
837
986
55
215
820
436
532
879
16
428
564
696
819
669
132
63
864
505
68
975
371
282
785
831
520
774
861
442
162
898
668
444
132
471
495
121
12
990
630
179
884
162
901
335
484
966
836
267
526
979
789
690
513
76
200
792
447
876
759
570
534
548
682
514
92
555
174
437
368
793
990
293
419
728
445
326
764
947
173
270
868
526
41
282
248
363
541
139
653
307
122
136
752
886
61
37
282
929
915
832
407
456
281
811
719
967
450
126
470
1
840
771
528
668
38
733
956
784
214
161
895
508
203
111
847
696
888
855
67
396
977
543
129
301
210
529
770
446
380
524
387
463
663
18
382
722
538
883
128
951
354
312
175
326
966
79
377
771
830
445
845
539
487
566
657
957
55
472
121
781
583
952
192
661
889
719
389
10
740
561
637
257
591
932
595
846
552
349
11
355
528
696
878
618
325
311
320
521
448
319
523
335
476
346
472
921
897
438
80
236
709
636
700
72
906
779
261
187
624
424
53
781
396
112
145
252
152
610
543
109
822
240
756
822
825
746
925
879
702
180
249
278
702
726
61
498
698
124
856
926
592
17
223
895
750
243
409
344
641
971
932
894
686
529
460
362
874
611
958
827
353
936
47
136
277
171
182
639
409
370
978
612
218
751
440
935
638
258
19
858
227
787
77
177
897
391
649
727
775
564
94
558
235
666
459
443
898
549
658
461
69
370
512
145
507
836
206
401
34
638
551
813
297
790
964
851
562
665
47
345
631
555
466
899
263
643
126
6
120
535
511
712
65
8
839
113
493
907
888
273
746
630
972
359
655
481
374
381
832
134
607
821
93
582
439
757
379
435
840
317
100
340
425
654
570
260
723
717
786
466
713
301
723
364
796
59
573
553
191
75
489
704
386
529
411
0
280
589
767
133
147
343
178
560
3
406
840
613
835
914
88
128
986
657
229
412
944
1
939
277
63
372
862
747
27
120
50
749
549
691
50
126
527
492
581
998
795
715
573
360
810
781
907
574
157
448
305
981
230
320
685
438
947
93
344
537
634
652
725
477
741
815
801
479
228
798
369
880
149
129
2
791
58
442
381
501
735
304
74
773
169
476
258
204
573
915
896
309
528
669
221
483
95
902
725
852
934
626
851
734
677
563
19
224
789
189
23
558
814
767
991
140
458
134
327
243
928
116
754
41
527
755
4
20
712
458
7
139
399
71
760
665
305
936
404
786
790
405
462
451
21
424
582
653
404
428
130
92
299
781
928
486
683
852
89
96
488
33
81
261
837
410
647
576
256
663
663
449
955
680
673
451
233
277
768
338
794
473
190
556
337
594
642
80
687
141
975
787
100
220
249
346
4
178
705
397
426
676
593
708
182
875
905
810
295
436
739
368
413
675
629
523
118
442
990
765
495
824
763
711
307
952
115
838
396
935
144
103
576
538
66
994
236
951
769
203
854
99
463
150
709
635
425
109
866
64
647
431
443
29
89
980
44
492
16
447
623
58
354
318
971
184
991
52
919
503
141
4
617
655
336
31
500
659
868
10
678
445
290
224
289
271
427
281
125
545
195
595
602
103
399
304
461
349
705
569
341
491
996
517
942
21
784
640
382
177
433
397
959
255
934
286
376
801
14
144
166
772
417
407
722
777
860
752
46
204
646
172
661
348
268
834
702
999
8
279
77
265
2
155
465
989
319
803
666
979
223
77
358
373
424
749
268
818
452
974
716
153
186
486
198
299
5
375
670
689
721
135
199
891
602
560
897
195
901
542
927
804
844
566
225
961
629
254
931
942
884
485
662
594
273
421
479
449
516
536
579
758
26
26
556
875
488
842
873
165
445
519
406
309
615
312
853
660
603
226
894
125
697
911
498
343
40
292
922
571
324
462
536
265
895
541
170
390
303
940
562
759
101
90
820
867
313
731
826
71
198
312
800
713
333
936
968
791
457
214
422
810
264
442
649
358
778
360
523
830
380
168
691
882
691
263
533
943
882
520
529
945
965
106
214
655
867
885
557
156
90
809
167
609
154
577
920
521
847
669
32
58
194
788
68
807
367
298
763
618
384
595
239
975
454
883
460
27
601
851
382
479
309
475
29
688
551
251
969
712
308
983
759
621
312
117
270
229
42
259
558
392
460
570
583
231
783
517
873
637
687
284
917
615
724
358
844
986
500
260
443
450
747
664
738
356
636
741
143
837
969
650
960
457
724
191
516
606
418
599
525
878
231
644
147
28
752
838
814
700
941
733
991
212
161
829
861
253
575
286
522
295
385
289
62
930
785
211
714
411
946
656
386
373
642
846
123
623
727
686
514
869
990
826
111
294
131
795
301
629
401
491
867
329
753
808
992
22
380
460
750
980
857
697
370
247
492
96
726
178
893
207
615
310
590
811
517
494
509
220
63
676
6
523
921
217
753
313
943
54
209
780
593
772
191
432
64
994
57
406
726
945
134
682
685
233
931
50
802
662
512
341
44
499
49
938
819
264
944
234
133
911
897
824
160
192
481
534
667
317
856
61
876
892
368
38
278
598
948
997
213
345
329
896
120
737
857
357
469
737
179
89
213
906
436
484
330
212
550
837
794
284
29
351
921
412
533
52
83
958
675
871
259
458
773
256
972
864
269
17
661
18
37
627
386
261
280
592
757
55
337
692
238
146
513
749
625
571
979
423
852
919
836
730
475
554
477
756
882
963
512
375
970
729
188
252
111
195
537
373
58
565
910
902
819
834
161
38
797
823
928
82
82
429
565
750
849
324
363
24
572
744
494
192
521
778
589
587
86
833
506
400
917
309
75
402
621
457
598
939
847
971
137
49
106
546
84
473
592
642
874
580
874
978
552
756
547
999
150
810
503
736
152
274
968
355
353
698
738
571
294
872
405
704
679
234
530
554
660
257
611
988
130
36
502
703
674
916
170
122
536
334
940
775
641
200
574
559
189
13
198
772
651
771
186
790
130
989
197
569
499
603
863
116
739
937
107
222
626
201
886
651
559
64
201
267
780
578
950
860
662
620
93
390
316
172
894
953
70
316
18
215
495
609
780
215
800
532
968
293
575
416
326
79
600
719
679
152
212
225
710
453
51
192
615
884
538
176
911
622
173
54
350
854
640
865
306
127
645
766
447
408
783
369
254
297
291
119
661
283
919
159
44
707
857
88
47
70
786
669
2
15
564
978
166
864
292
347
715
343
439
846
501
339
30
88
946
509
218
904
170
110
296
91
993
540
993
10
677
681
853
728
475
496
729
314
973
531
543
593
291
241
381
20
194
989
969
646
97
75
240
69
640
48
257
14
908
83
245
420
907
9
834
976
322
301
782
333
371
407
145
671
914
166
370
943
444
451
345
625
510
332
300
202
673
140
20
997
461
873
805
94
857
356
742
549
695
219
143
496
922
934
866
951
240
807
578
242
273
311
831
522
433
7
788
78
546
104
74
867
872
419
88
216
55
648
584
960
313
535
244
845
163
598
762
553
659
711
948
505
985
8
472
286
287
72
40
51
887
648
841
708
701
961
408
732
924
866
527
145
434
893
437
143
153
388
607
908
437
697
6
605
3
914
877
514
304
290
899
896
519
766
684
637
289
656
511
811
459
634
450
369
863
899
338
413
634
596
173
641
999
358
187
547
703
927
386
918
748
284
983
85
614
397
325
782
435
197
214
664
22
751
543
340
733
45
31
730
862
294
752
965
122
223
176
887
296
718
793
886
854
395
825
678
684
251
345
184
555
751
927
160
554
144
471
291
753
243
704
157
236
527
194
393
499
348
377
19
308
290
590
889
929
982
114
765
980
81
151
637
764
821
10
960
995
806
16
114
909
633
585
721
645
605
197
473
617
722
344
148
589
105
720
890
566
753
799
798
226
395
776
876
110
706
651
788
404
689
889
308
587
401
410
418
180
528
389
992
698
327
251
111
828
125
799
995
452
430
531
463
602
860
30
11
593
550
348
888
619
468
152
757
903
959
701
422
880
265
688
128
117
75
94
334
892
186
620
731
281
338
612
412
693
470
791
19
670
652
610
579
310
12
341
807
154
754
678
824
292
957
797
437
904
720
965
711
389
428
583
137
535
131
710
861
597
667
576
464
550
924
357
550
616
844
839
151
659
213
477
801
51
44
885
326
163
299
613
485
635
587
630
400
359
428
167
110
228
83
67
962
356
361
80
763
24
73
15
352
644
275
48
759
645
295
231
467
13
773
747
932
368
585
577
594
11
146
176
841
260
506
585
176
52
758
890
883
515
323
315
744
474
287
26
308
500
832
313
524
163
159
28
167
984
945
887
215
417
74
733
653
725
588
108
947
506
679
787
183
363
162
814
257
581
493
79
296
967
298
704
587
181
472
506
230
501
822
478
547
429
322
422
908
812
108
922
871
1
17
734
702
276
3
452
68
746
832
598
35
476
432
672
779
210
923
219
209
98
553
271
138
628
972
34
952
70
181
297
920
376
369
86
185
590
764
539
596
885
153
627
611
519
153
48
320
362
749
198
275
504
91
33
949
218
343
654
734
559
253
714
267
296
967
679
31
510
786
106
998
807
950
651
33
532
695
293
868
352
705
283
165
657
916
977
73
666
683
356
430
941
66
254
465
928
481
403
898
985
71
67
212
920
393
440
244
850
363
53
383
853
235
489
930
676
391
483
125
433
957
694
614
247
498
432
955
340
347
964
221
162
140
871
606
450
480
817
993
582
211
142
279
105
273
457
654
904
129
908
973
288
995
108
560
59
247
911
230
710
236
569
288
482
843
448
169
170
697
789
813
87
53
213
150
27
588
138
329
269
85
409
619
388
21
998
92
181
652
413
949
496
983
250
797
768
142
242
387
101
800
307
794
709
293
925
385
264
32
7
774
510
511
839
738
604
981
388
169
185
321
886
738
487
811
849
274
240
484
647
98
216
869
580
636
692
56
866
508
444
574
127
74
207
298
46
183
205
201
910
147
847
13
600
681
785
619
885
635
766
403
136
118
546
228
160
249
108
379
976
760
893
616
695
117
47
539
591
802
25
199
259
567
924
365
966
944
695
158
54
5
67
219
456
181
421
632
870
674
404
925
11
881
819
211
892
26
871
850
68
372
432
544
694
116
691
148
149
830
671
870
96
193
833
544
912
365
735
416
838
664
204
692
809
804
9
135
578
977
556
633
609
739
115
294
354
28
548
567
571
583
821
439
357
923
315
249
687
789
349
778
784
823
376
367
124
957
226
20
748
196
157
335
221
974
872
666
416
346
776
427
504
680
387
103
76
772
228
496
913
647
468
575
979
777
40
597
943
950
770
95
78
562
276
115
262
330
980
328
783
224
131
414
526
858
327
366
316
133
862
223
109
374
57
136
473
441
884
331
222
378
826
913
842
552
193
793
134
954
29
8
816
880
43
622
922
414
734
597
196
685
896
393
502
935
205
816
760
38
32
325
290
138
709
320
339
660
670
716
287
833
986
200
658
515
469
938
946
210
736
285
563
624
869
848
803
276
163
183
736
351
438
624
673
350
718
933
471
436
982
843
300
225
589
415
713
915
613
694
342
706
541
522
151
76
16
538
243
449
124
517
331
112
599
98
855
900
255
466
391
322
486
141
806
861
238
355
438
509
189
910
455
22
167
854
361
933
242
56
407
745
132
983
622
769
643
633
377
352
172
717
862
14
250
916
812
855
926
413
485
597
206
479
391
962
873
953
754
485
805
426
411
411
351
729
767
717
696
289
415
737
671
208
486
282
138
848
424
399
187
488
728
778
87
546
859
423
371
774
944
274
865
987
644
505
793
464
713
841
25
855
364
835
817
894
770
808
119
232
337
199
269
379
35
221
102
568
515
262
689
831
288
881
582
755
725
968
357
45
164
382
960
237
805
939
155
76
483
639
701
761
324
66
344
480
700
675
112
266
735
307
310
950
493
115
202
802
707
456
300
171
24
806
409
65
395
771
724
73
560
72
954
839
180
631
117
555
745
946
180
937
394
251
497
118
610
747
727
809
698
441
627
155
961
507
901
815
416
367
602
245
712
263
248
686
431
745
568
650
447
618
227
41
402
497
881
201
490
822
530
179
431
516
83
658
227
524
160
730
235
576
364
305
12
769
938
487
694
306
562
446
210
352
514
785
777
939
553
323
745
586
684
191
625
131
808
767
49
976
561
942
668
518
522
233
467
540
891
503
526
116
121
478
177
930
474
42
247
135
912
315
953
398
672
830
906
813
650
675
693
818
466
246
269
648
234
25
340
838
510
51
60
375
628
825
557
378
208
899
123
795
396
926
419
949
333
918
919
137
37
541
321
915
654
768
657
732
703
494
557
62
500
278
337
937
217
101
982
237
39
740
608
27
542
828
525
478
99
579
35
417
603
748
888
913
254
172
434
174
283
705
261
626
208
379
462
817
45
272
462
530
226
902
569
467
203
91
84
984
501
970
151
405
97
303
463
194
113
755
721
399
518
132
985
937
689
431
783
816
638
62
69
761
836
244
405
495
755
124
252
870
580
673
480
408
682
220
323
883
400
621
43
128
459
18
777
211
557
658
397
332
954
481
610
622
323
524
253
295
715
964
578
644
776
860
39
556
544
448
918
400
347
278
159
90
764
98
190
525
728
455
5
28
398
667
36
996
328
975
435
398
482
475
418
272
954
303
43
54
544
147
372
905
660
843
250
856
856
987
120
581
241
956
503
185
373
628
265
0
453
476
848
645
32
123
0
900
107
933
324
439
812
171
82
421
684
970
354
620
996
824
959
314
606
746
982
737
601
806
422
722
729
393
901
791
61
178
102
792
9
788
149
533
66
776
549
900
518
942
156
62
0
732
608
222
513
505
588
973
799
586
387
804
774
388
790
963
575
561
972
715
611
859
383
584
796
605
239
586
714
63
566
741
665
958
599
144
612
605
268
13
835
880
761
25
995
73
850
342
719
193
502
113
105
574
708
256
81
275
504
520
917
239
186
782
537
547
596
668
258
513
216
45
455
718
200
623
42
921
53
317
224
565
166
628
507
652
389
903
488
779
80
394
46
693
609
784
420
512
978
584
643
270
493
412
703
890
743
889
787
89
423
951
440
664
156
365
999
339
554
250
175
844
613
461
378
635
65
118
603
909
174
302
91
222
184
923
347
332
914
991
676
141
390
577
931
329
232
253
892
50
279
568
446
105
955
49
209
206
799
468
262
87
365
879
671
558
941
319
563
353
895
246
78
402
189
548
491
879
625
374
154
678
891
36
612
415
487
43
840
451
900
22
350
174
614
845
849
958
418
318
617
285
700
353
133
64
581
139
680
238
792
421
241
864
992
893
119
271
197
591
110
185
164
545
909
300
829
568
551
742
302
559
955
981
656
107
865
279
372
758
129
736
803
321
687
934
623
264
720
577
112
601
271
60
366
303
492
633
818
877
672
72
149
974
24
828
674
376
763
270
164
230
355
887
415
335
727
207
699
104
103
878
629
497
148
148
298
449
533
912
15
187
595
410
306
491
845
205
218
987
877
762
614
508
490
608
743
281
327
161
202
858
383
334
769
336
591
109
748
634
981
280
585
969
852
121
650
933
962
863
820
268
86
768
232
829
565
906
850
936
209
971
770
930
539
454
545
4
868
130
414
302
227
434
317
104
504
594
966
572
127
907
78
318
701
229
532
417
775
984
364
252
272
825
199
548
465
122
739
502
202
932
188
266
631
48
474
545
604
37
398
371
821
608
255
818
765
948
330
490
380
743
205
314
877
426
967
683
891
420
1
46
985
56
849
621
904
521
692
104
465
639
680
735
70
430
478
336
940
93
315
260
779
743
490
362
258
484
905
2
564
142
99
742
219
158
720
59
646
926
113
931
410
756
384
599
99
441
23
902
77
579
275
699
238
12
606
489
137
6
425
9
414
699
342
780
540
977
241
773
425
876
454
690
826
688
338
683
536
875
375
498
246
196
384
693
297
328
762
139
796
480
92
169
945
325
266
52
440
846
305
30
146
869
384
754
188
429
274
617
220
540
649
499
988
910
81
925
427
283
102
841
114
408
815
872
35
961
956
208
507
766
636
646
672
794
385
349
190
878
30
708
803
446
177
276
359
42
711
36
217
86
184
573
805
829
508
394
342
3
561
60
685
101
586
659
272
962
285
865
100
627
469
809
135
551
126
455
119
127
84
917
596
248
366
649
653
624
471
288
682
459
974
433
509
775
233
97
882
525
827
318
304
519
742
641
814
311
259
859
346
84
59
394
60
56
359
620
567
39
489
534
797
516
920
619
706
542
681
40
848
245
987
935
474
998
542
592
351
291
993
196
988
242
426
929
707
71
881
299
686
348
732
217
362
334
924
336
360
395
827
584
255
953
401
530
677
674
333
823
688
383
321
816
963
798
751
95
731
285
750
808
798
482
938
316
470
552
23
563
57
159
406
639
690
464
458
107
155
79
863
310
992
403
804
39
648
730
875
456
441
229
796
96
361
626
706
716
430
154
721
963
580
941
165
632
392
97
616
175
392
817
143
494
158
631
453
656
842
520
256
632
328
468
827
225
815
467
740
361
667
287
870
360
600
923
470
681
572
802
69
165
332
429
82
949
85
918
638
34
423
618
535
33
23
792
402
726
306
150
267
95
14
607
168
964
322
567
319
245
123
173
85
997
443
231
956
531
600
643
835
182
903
237
237
853
665
812
761
843
989
604
662
330
179
518
195
100
707
262
948
762
757
193
800
994
286
782
909
331
913
537
140
959
146
874
690
820
277
534
842
419
444
114
453
190
927
434
813
232
203
724
158
723
280
7
403
216
266
758
164
182
392
831
168
477
765
94
744
970
718
834
795
381
670
859
5
454
21
952
988
17
741
427
973
984
142
677
156
464
188
206
903
311
87
994
898
630
331
207
828
642
823
90
204
714
717
244
452
511
531
851
905
699
890
341
604
183
655
572
858
916
632
235
339
168
929
106
292
482
996
760
41
590
833
378
616
710
385
731
171
239
234
940
483
716
284
367
663
157
997
65
246
435
263
497
469
801
390
570
601
515
248
34
744
102
350
723
976
31
420
740
588
175
15
640
314
302
57
607
965
912
377
947
374
366
837
986
55
215
820
436
532
879
16
428
564
696
819
669
132
63
864
505
68
975
371
282
785
831
520
774
861
442
162
898
668
444
132
471
495
121
12
990
630
179
884
162
901
335
484
966
836
267
526
979
789
690
513
76
200
792
447
876
759
570
534
548
682
514
92
555
174
437
368
793
990
293
419
728
445
326
764
947
173
270
868
526
41
282
248
363
541
139
653
307
122
136
752
886
61
37
282
929
915
832
407
456
281
811
719
967
450
126
470
1
840
771
528
668
38
733
956
784
214
161
895
508
203
111
847
696
888
855
67
396
977
543
129
301
210
529
770
446
380
524
387
463
663
18
382
722
538
883
128
951
354
312
175
326
966
79
377
771
830
445
845
539
487
566
657
957
55
472
121
781
583
952
192
661
889
719
389
10
740
561
637
257
591
932
595
846
552
349
11
355
528
696
878
618
325
311
320
521
448
319
523
335
476
346
472
921
897
438
80
236
709
636
700
72
906
779
261
187
624
424
53
781
396
112
145
252
152
610
543
109
822
240
756
822
825
746
925
879
702
180
249
278
702
726
61
498
698
124
856
926
592
17
223
895
750
243
409
344
641
971
932
894
686
529
460
362
874
611
958
827
353
936
47
136
277
171
182
639
409
370
978
612
218
751
440
935
638
258
19
858
227
787
77
177
897
391
649
727
775
564
94
558
235
666
459
443
898
549
658
461
69
370
512
145
507
836
206
401
34
638
551
813
297
790
964
851
562
665
47
345
631
555
466
899
263
643
126
6
120
535
511
712
65
8
839
113
493
907
888
273
746
630
972
359
655
481
374
381
832
134
607
821
93
582
439
757
379
435
840
317
100
340
425
654
570
260
723
717
786
466
713
301
723
364
796
59
573
553
191
75
489
704
386
529
411
0
280
589
767
133
147
343
178
560
3
406
840
613
835
914
88
128
986
657
229
412
944
1
939
277
63
372
862
747
27
120
50
749
549
691
50
126
527
492
581
998
795
715
573
360
810
781
907
574
157
448
305
981
230
320
685
438
947
93
344
537
634
652
725
477
741
815
801
479
228
798
369
880
149
129
2
791
58
442
381
501
735
304
74
773
169
476
258
204
573
915
896
309
528
669
221
483
95
902
725
852
934
626
851
734
677
563
19
224
789
189
23
558
814
767
991
140
458
134
327
243
928
116
754
41
527
755
4
20
712
458
7
139
399
71
760
665
305
936
404
786
790
405
462
451
21
424
582
653
404
428
130
92
299
781
928
486
683
852
89
96
488
33
81
261
837
410
647
576
256
663
663
449
955
680
673
451
233
277
768
338
794
473
190
556
337
594
642
80
687
141
975
787
100
220
249
346
4
178
705
397
426
676
593
708
182
875
905
810
295
436
739
368
413
675
629
523
118
442
990
765
495
824
763
711
307
952
115
838
396
935
144
103
576
538
66
994
236
951
769
203
854
99
463
150
709
635
425
109
866
64
647
431
443
29
89
980
44
492
16
447
623
58
354
318
971
184
991
52
919
503
141
4
617
655
336
31
500
659
868
10
678
445
290
224
289
271
427
281
125
545
195
595
602
103
399
304
461
349
705
569
341
491
996
517
942
21
784
640
382
177
433
397
959
255
934
286
376
801
14
144
166
772
417
407
722
777
860
752
46
204
646
172
661
348
268
834
702
999
8
279
77
265
2
155
465
989
319
803
666
979
223
77
358
373
424
749
268
818
452
974
716
153
186
486
198
299
5
375
670
689
721
135
199
891
602
560
897
195
901
542
927
804
844
566
225
961
629
254
931
942
884
485
662
594
273
421
479
449
516
536
579
758
26
26
556
875
488
842
873
165
445
519
406
309
615
312
853
660
603
226
894
125
697
911
498
343
40
292
922
571
324
462
536
265
895
541
170
390
303
940
562
759
101
90
820
867
313
731
826
71
198
312
800
713
333
936
968
791
457
214
422
810
264
442
649
358
778
360
523
830
380
168
691
882
691
263
533
943
882
520
529
945
965
106
214
655
867
885
557
156
90
809
167
609
154
577
920
521
847
669
32
58
194
788
68
807
367
298
763
618
384
595
239
975
454
883
460
27
601
851
382
479
309
475
29
688
551
251
969
712
308
983
759
621
312
117
270
229
42
259
558
392
460
570
583
231
783
517
873
637
687
284
917
615
724
358
844
986
500
260
443
450
747
664
738
356
636
741
143
837
969
650
960
457
724
191
516
606
418
599
525
878
231
644
147
28
752
838
814
700
941
733
991
212
161
829
861
253
575
286
522
295
385
289
62
930
785
211
714
411
946
656
386
373
642
846
123
623
727
686
514
869
990
826
111
294
131
795
301
629
401
491
867
329
753
808
992
22
380
460
750
980
857
697
370
247
492
96
726
178
893
207
615
310
590
811
517
494
509
220
63
676
6
523
921
217
753
313
943
54
209
780
593
772
191
432
64
994
57
406
726
945
134
682
685
233
931
50
802
662
512
341
44
499
49
938
819
264
944
234
133
911
897
824
160
192
481
534
667
317
856
61
876
892
368
38
278
598
948
997
